283546179975183624614927385536791248421658937897234561749312856162875493358469712
572189346694372581381564927853941672726853194149627853415796238238415769967238415
439821576827654931651739284318576429945218763762493815593187642284365197176942358
846135792795842163231679854974386215563214987128597346459721638317468529682953471
857612943342895176619734582461587239973421658285369714126953487594178326738246591
931726854568349271247518693714285936685937412392461587873654129126893745459172368
391578246264319587587624319912735864845961732736482951173846925429153678658297431
974618532815932764623574819197856243346291587582347196238169475451783921769425318
123456789765389124849271356358762491914538672276194538581627943432915867697843215
123456789964378152587129364456832917831794526279561438312647895795283641648915273
123456789758139642469872135541798263637524918982613457316287594295341876874965321
583296471924817536671345982142579863896132754735684219257961348418723695369458127
691475382843216957725389614958734261234651798176928435562143879489567123317892546
476358219589216473213794856867531942124987635935642781652473198391825764748169325
392745618451628937876913524124567893967832145583491276719286453645179382238354761
685973124439125867217864395193746582756218439824539671968351742542687913371492586
751469382843125976692387145539712468286534719174698523925846731367251894418973256
987125436356487291241936875715249683624873519893561724162394758578612349439758162
874531296632496785519728634761345829328679451945812367186954723257183946493267518
479385612316427895528916347145738269932654781687291534761849253254173968893562174
865934217129876453734512968942753681513698742687241395476129835358467129291385674
473852961215469837968713542324687195756194328891235476137926854589341726642578319
619437528253168794874592361147985632365214879928673145496821753732456189581739246
483172695967458213215693478634715829821349567579286341356921784748567132192834756
716489352543271689829356417461935728238714596957628134382547961694163275175892643
924835176168247593735196284482913657617528439593674812246351798879462315351789462
579812364683574219124639857237485691495126738861793542756248913918357426342961785
427859163316724985985361427749186352832547619651293748178935246264718539593642871
287415693439267518516398274194623857753849126862571349678932451345186792921754386
695487213217936854348152967153249786874615329926378541481793625539861472762524138
368715429254396817197824653843179265526438971719652384982567134431281796675943218
763249518485316792219785634928571463147693825356824179692157348571438926834962751
547628319831579264926341875689753421154296783372184956298437516763912548415865937
281394657574268913639715824793156482412983576856472391945827136168539247327641589
354892671617534298829167435746925813983716524521348769278459316165283947493671582
189672354245813679736495812527986431413257986698341725352768149974531268861429537
295384716714269538836175942487532169159746823623918457972853691341697285568421397
236194587148537692579826341925361874384759216617248953793682415452913768861475239
413298765968157342527463819342685971186972534795341286659724138234816597871539624
863754912729613584154928376318247659672395841945186237436871295591432768287569143
167543829584129736923678145298416573735892614416357298872934461641785932359261487
469152378257834916813679542731428695946513827582796134128967453395241768674385291
491238657376945821852617349784126935163759284529384716218563497947892163635471298
513729468476385192829461753392176845684952317157843926935618274748295631261537489
945682137618735294372149586483926715729513468156874923297361845831457629564298371
617493582843526197529178364382947651156382749974615238731259486268734915495861723
832957146569124738471863529945738612186295374327416985618542397253679481794381256
193284657758169243246375918417938526825647139639521784574892361381756492962413875
827543169946812753315967248791684532254391876683275491472139685138456927569728314
274685913986134725531279468415863297327951846698427531849716352163542789752398164
598621437321475968674983125832167549157349682946258371783514296215796834469832715
632418759859672341471953628387164295125897436946325817718239564594786123263541978
824371965563489271197256843642738519981625734735914682316847529259163478478592316
738219456645387219219654837562893174874561923391742568486175392923438761157926384
591328764247165983386974215754293816813456297629817435132749658978531642465682379
459873126813625794672491385326157948984236517147948263795384612238769451561412839
132479658584236179976581342249813567753624981618957234325748916497165823861392475
937518246548632719216974385693725841854361972721489563365247198182956437479183652
276319458358246179491875632617984325835627914942531786569128743123457896784693521
391547628287613495564298371826759143735164289149832567913426857678951432452387916
849617253315842697276953148791268534634579812582134769123496785957381426468725931
829417536463582971571693284316849725947256813258731469785324619194768352632915748
358127946124965837976348215239816574567294381481753629892631754743589162615472398
514732968876941253932856714429615837687493125153278496761584392295367481348129576
782416359369527418451938276835194627126873945974265183547681932218349567693752841
198276534354981627267345198813769452625134789749528361476892315932457816581613974
689451732125873496374296185962384571547619328831725649456938217718562943293147856
365982174217345698849617253582139467734826915691754832956273481428591736173468529
928751634617349258345682179182974365463815927759236841274568391831497526596123487
392485761856791423147236985469158237231947658578623149725314896683579214914862375
946813527357924618812576439475389162123657894689241753734195286298736145561482973
978634512231579846456812793712356489895147326643298175367925481524781936189463257
523417986698235471147968253276543819854129637931876542482751396315694728769382514
694751832238649157571832496829514763413267985756398241947186325382975614165423978
137946825548231769692857143284793516753168492961524387319672458426385971875419236
954138267386247915172569384427695831513482796698713542741326859835974126269851473
934851672768923514152467938489315726675289341321674859217596483546738291893142765
526148937819573642473926851358214796297685413164397528742861395681739254935452168
863749125197256384524831769219567843635984217478312596356498172781623459942175638
947185632312476859865239147286954713593761284174823965621348597739512468458697321
784961532953247681216583974479825316635174298821396457142759863398416725567238149
625489731819357264374216859947163582156824397238975146493528617561742983782691425
378215649196483752542976813729641385451837296683529471235768194917354268864192537
934756821217389564856214937382475196749168253561932748128547369693821475475693182
942518376673249518185763492739156824514827639826394751368971245251436987497582163
267384195485197632139256784793512468546738219821649573678923541954871326312465897
253419867986237514174568239327154986815926743649783152491675328532841697768392451
175386429243951786689274513596723841734198652821465937357819264912647358468532197
389417562265983741741625398974568123536241879128739456617892534492356187853174926
856239174713584692492761835285147963649352718371896425128475369964318257537926481
729584136318276549645913827984327615136859274257461983872145396593638712461792358
538792641694135287712684539287316954945278316163549872451927368376851492829463175
829417365356982174174653829763145982485729613291836547617298453942571386538364291
391246857654178239287395146743529681526814973918637524135762498879451362462983715
956132784183764529427859163531428976748691352692375418365217498274986235819543627
978524136321796584654813279283647915745139628169258743897361452416985327532472861
348752691671983524529614738457238169913467852862195347196375284785426913234891675
214865379963742851578913264785436912196257483342198657837629145421381796659574328
783549261615237849942186375569318724178624593324975186891762453457893612236451987
538421679697835124241769385375248916962157843184396752423578961859613247716942538
259641378734958216618273549567314892482796135391825764926437581145189723873562494
163958427975324186284176935741293568526481793839567214658712349397645821412839657
798654312453128967216379458124536879867912534935847126681293745372485691549761283
725319864841267395369845217186493572957126438234578961618734529492651783573982146
329614875856937124417852693582346917761295348943781256238479561195623487674158239
164759238837246195925813647578931426246587319319624758493162875752398461681475932
482653917193784526657129348716345892329876451845291673931468275274512689568937124
931542768478916235562378491749631852185729346326485917213867549894253617657194823
381475926962831574457296138573149862849762315126583497735924681698317254214658739
748196532136825794529743681614972853985314276273568149397681425862459317451237968
765194832231586479498327156829715643613942785547863291356478921984251367172639548
395748216814632579276159348962513487487926153531874692129385764743261985658497231
967431852135892674482576193259148367713265948648937521374619285521783469896254317
681795423347182569259463187578916234924378651136254798715639842892541376463827915
419327865726548913538961247285794136671235489394816752843172596952683471167459328
697531284213498657548276193352649871186725439974183526731864925429357816865912347
572189346694372581381564927853941672726853194149627853415796238238415769967238415
415967832372814695869253741986742153741538269523196478257489316694321587138675924
831524769657389124942176385218743956396215478475968231589431627763852491124697853
123456789458791263769823541834275196512964837697318425376582914245139678981647352
123456789687319254954287631231698475876541923549723816768134592392865147415972368
123456789495178362768239415217694538589713624346825971874961253651342897932587146
123456789498173652765982341354729816687315924912864537839641275271598463546237198
123456789867219354945738621316982475284375916579641832792563148638124597451897263
123456789784139265965827431419675328652348917837291654546913872278564193391782546
123456789897312456564897231479685312381279645256134897738561924612948573945723168
123456789498273615675189423384967152517342968269815374831724596952631847746598231
123456789894371265765289413972635841346718952581924637638597124459162378217843596
123456789895372146674819325941765832362148597587293461218637954456981273739524618
123456789847913562956827341684379125791265438235184976572631894418792653369548217
123456789859327416764198325386971542975284163412563897631742958548639271297815634
123456789769318542485927136548269317972183654316745928851672493297534861634891275
123456789856793124947182635479518263312967548568324917735241896284679351691835472
123456789796813524854927613678594132345162897219378465937641258481235976562789341
123456789896172534745389612672514893581937246439628157958263471367841925214795368
123456789947318526685927143819632457756149832432785961271864395364591278598273614
123456789469781523587329164398572641674198235251643897712834956945267318836915472
123456789845917632976823451281679543457138296639542817792385164564291378318764925
123456789859317462674289315947528136386791254512634978231965847768142593495873621
123456789846179325597823641935648172761532894284791536358214967479365218612987453
123456789654879231978312456342961578791285364586743192219637845867524913435198627
123456789457893162986721453764218395895347216312569874241685937638974521579132648
123456789857239416469178523385697241216345897974812635792581364538964172641723958
123456789746893251589721436692175348374982165815364927261539874458217693937648512
123456789458917263796283154365891427941572836872634915619348572537129648284765391
123456789749283651865917243316879524492561378587342916674135892238794165951628437
123456789948372516675981234587269341319845672264713895756134928891527463432698157
123456789584793261796128453879315642345672918261849537652981374917534826438267195
123456789795238164684971352271685493958314276436792815542167938819543627367829541
123456789875932416469781325218365974954278163736194258647513892592847631381629547
123456789794238516586791243659142378248367195371985624837624951462519837915873462
123456789549872631786319452671238945854791263392564178265187394437925816918643527
123456789468397251597821364285943176371268945649715823956172438734689512812534697
578961234643287915291345687825493176916578423734126859352819746167734598489652371
532198674479562813168374295697831542854926731213745986941257368786413529325689147
872193546145276839936458127427835961683719254519642783298567413764381295351924678
472956183198374652653218497917842536526731849834569721281497365345682971769135248
523796184946831527187245936695182473318457269274369851861524397739618542452973618
157348962492651387368279514841967235725413896936825741614732459583194726279586143
932857641158694273764231985376428519489513726215769834547386192621945378893172456
473852196618397542529461837856174329294538761137926485761285943385749216942613758
729653814583149267146827935912468753857931426364275198491382576635714289278596341
812674953356198247947532861124859376763421589589367124638215794275946318491783625
694812753837569124215437689963285471478196532521743968349651287782394516156728349
945317268627489135813625974138756492496832751752941386261573849584296317379184526
172689534935742186486531792729318645843256917651974328567193824214867359398425671
431785269286149753759623148517934682643872591892516437174298356365471982928356417
735946128261783495498215637947162853512874369683539241124397586356428971879651324
814296735672358491539471682943625178785143926126987543267814359398562417451739268
396527184485931726172468935517892463864375219239146578928754361741683592653219847
291735486743816925865942317528374691416259738379681542954128673632497158187563294
476198532823654197159327684962583741734216859581749326297465318318972465645831972
841259673735641829296837145423786951657194382918523467374918526569372418182465397
216495837398761542547238619423876951685149273971523468132684795754912386869357124
946815237127364589538297641392571468814936725675482193769143852451728396283659174
856297431239184657174653982465819273392576148781432569623945817518726394947318526
583792146649318752712546938135674829468239517927851364851927463276483195394165287
268974531549613782371852964497385216156247398823196457915468723734521689682739145
736148529149253867825967341284319756917856234653724918468531792392674185571482693
137648529548329761629517483215736894874951632396284157983162745462795318751438296
863915247947826153125374896756142938389657412214983675498561723632798541571432689
267459813541638297839271465493187526756924138128365974314796582682543791975812643
891236475357491682246857193429518736713624859685973241132769548568342917974185326
462537891983612547517984326235846179748159263691723485179265438854371692326498715
613475982852963147794128635368257419529641873147389526275814396986732451431596728
236498751789125364154736892973854216615273489842619537327581946498367125561942378
968314257327569814514728639452896371871435926693271548235947186146183792789652413
586142793931756482247893156813425679695317824724968531352671948478239561169584237
542836917673419528981527346237968451495271683168345792856793124319652874724184965
835419726472365918196827345741596832523784691689231574367942185958173264214658793
297463158186295374435817962653178429829546713714932586568721493941384625372659841
398276145214935678567184923936851724842793516175642389423519867781326459659478231
187364529523819764964257318238745196679138452451692837396481275812573649745926183
123456789685917432947382165512879643734625891896143257451238976368791524279564318
123456789968372514745819263897235146256184397314967825439528671572691438681743952
123456789489371256576289314265943178931768425748512963857134692312695847694827531
123456789896731425457928613945613278781592346632847951564179832318264597279385164
123456789764198253958273641697384512581962374342715896235841967819627435476539128
123456789475298361896713524581962437769134852234587916647325198958671243312849675
123456789795318624684729513569183247378264195241597368916835472452971836837642951
123456789674198523589723146798341652256879431431562897345917268812635974967284315
123456789547893216968217534275184963431769852689532471896325147712648395354971628
123456789469378152578291364746523918382917546915684273854139627297865431631742895
123456789946387152875291463462513978739864521518972634681729345294635817357148296
123456789486791235957832164249167853568923471731548926874315692615289347392674518
123456789478391562956728341741839256385612974269547138614275893532984617897163425
123456789974183265685972341752619438368245917419738526536827194847391652291564873
123456789754982361689173452846217593912635874537894216461528937395741628278369145
123456789947812635856397214238174956579263841461589372795631428382945167614728593
895724136613859247742613859156938472937246581284175693479582316521367984368491725
865973124341265798297148536153427869624819753789536412516392487432781965978654321
697218534435976128812345679146789253573124896928653417364597281281463795759812346
417839256982756341365124978731648529856912734249573810528497163193265487674381295
614852739892371465375469812146235978759618243283947156428196357537824691961753284
381297465427653189695814723146732598832569147579481632913246857764935281258178346
267981345145637892839245671782314569356829714914756238593472186628193457471568923
239154786657832419148769253975341628823675941416928375382417596794586132561293874
826435791179826543345197628517649832438752916692381475784513269953268147261974385
519827463638549127724613589876235941342198756195476238267954318981362475453781692
384175926592368741617429835761253498835947162249681573953814267128796354476532189
981476532732158496654932817328697154145823769796541283473289651269315748518764923
942185367385769124176234859567941283213856497498327516829613745654578931731492678
142598673935627148867341295623974581518263497479185326791856432286439715354712869
279831465315476982486925713628593174543187296791264538834719652952348167167652849
453726189196348725827519643234187596915634872678295314349872561581463297762951438
968345217257916834413782569834197652726534198591628473142879356385261749679453281
947613582856279314231548967325196748789425136614837295178364429563782871492351876
248365197317924856956871324825716439491538672763492518684253971139647285572189463
381764925427915863956823174213596748748132596695478231572349681139687452864251397
139586427742139568586427193951372846274918635368654219615743982827961354493285671
281674953497135286635829471853492617726513849149768325314986752978251634562347198
246853197813297465579146238935712846682534971147968523724681359398425716651379824
834291567516748932297653184725936418483175296961824753648317529159462378372589641
859647213713925846624831975246513798971284365385769124537496182198352467462178539
274861953513297846968534172721648395385729614649153728496312587137985264852476319
975846231186235479324917865763589142412763958598124637841372596637458912259691783
268945137413672598579831624721369485945218763836457219354186972692574381187293456
543617928912538746768249513657124839489753162231896475326481597175962384894375261
981473526452961837637528941214897653569312478378645219123784695895136742746259183
832497165196385724457261398519634287274518639683729451345876912721943856968152473
591476823634982715827153964268534179415769238379218456753841692146397582982615347
237986145896415732415723968562341897981257364743698251178564329329178456654239781
391274865584693172726518439237156984915487326648329751453762918172945683869831247
485791362623845197917326845154672938369158274278439516796513482532984671841267953
561839247938742615247156389712984563456371928893625174185297436624513798379468251
917865342463172958285934716372458691594617283618329475849753126756291834231486597
379246581584931267216758493658392714941675832723184956437519628165827349892463175
932148756654973128817526394781632945496857231325419687249361875578294613163785429
457183926986542371231679854725836149143795682698214537519368247374921568862457193
149526873527893641683147259238451967974368125615972384791685432356214798842739516